30
3
3 4
4 10
6 10
9
3
3 4
4 10
7 10
9
2
6 6
10 3
13
2
6 6
10 3
14
99
10 15
11 80
12 72
13 26
14 48
15 51
17 89
18 89
19 62
28 9
37 9
38 84
39 85
41 13
42 59
43 90
44 38
45 12
46 25
55 8
64 9
65 22
66 66
68 65
69 36
70 62
71 27
72 67
73 43
82 9
91 9
92 58
93 59
94 65
95 59
96 74
97 39
98 57
100 14
109 9
118 9
119 61
120 67
121 76
122 78
123 54
124 11
125 92
127 26
136 9
145 9
146 23
147 80
148 51
149 54
151 86
152 56
153 26
154 100
163 9
172 9
173 63
174 32
176 68
177 13
178 69
179 90
180 54
181 70
190 9
199 9
200 15
201 71
202 62
204 36
205 28
206 12
207 26
208 49
217 9
226 9
227 27
228 32
229 48
231 82
232 80
233 61
234 24
235 55
244 9
253 9
254 89
255 72
256 13
258 73
259 41
260 51
261 29
262 26
271
23
10 100
11 77
12 63
13 41
14 25
15 14
16 58
17 99
18 10
19 22
20 73
30 10
40 10
41 30
42 10
43 93
44 51
45 55
46 66
47 57
48 90
49 100
50 46
60
99
346951 1000000
352743 857951
365253 572503
371119 950204
399556 523968
413390 552725
415729 534833
424014 690441
444314 824403
449186 652598
469809 978275
488622 981339
508008 618503
538081 783459
539309 600321
547254 687062
568487 501398
583083 548306
589194 917873
643355 626101
649830 918316
666317 551953
685135 899993
689088 826683
690766 657783
1034535 343766
1034537 343765
1034539 343764
1034541 343763
1034543 343762
1034545 343761
1034547 343760
1034549 343759
1034551 343758
1034553 343757
1034555 343756
1034557 343755
1034559 343754
1034561 343753
1034563 343752
1034565 343751
1034567 343750
1034569 343749
1034571 343748
1034573 343747
1034575 343746
1034577 343745
1034579 343744
1034581 343743
1378318 343749
1722067 343749
1799621 769366
1824319 683493
1828218 772261
1835819 915498
1847113 532034
1859356 509604
1879539 918558
1882360 915256
1885466 529415
1891255 655260
1904969 735078
1914221 522599
1915184 991782
1923447 572745
1958861 590819
1959322 824058
1960272 745226
1965078 739016
1968844 646079
1997411 734307
2004041 924266
2035179 631011
2047872 972726
2052163 555489
2382213 330047
2382215 330046
2382217 330045
2382219 330044
2382221 330043
2382223 330042
2382225 330041
2382227 330040
2382229 330039
2382231 330038
2382233 330037
2382235 330036
2382237 330035
2382239 330034
2382241 330033
2382243 330032
2382245 330031
2382247 330030
2382249 330029
2382251 330028
2382253 330027
2382255 330026
2382257 330025
2382259 330024
2712283
95
279264 1000000
340346 654780
347691 636210
407891 967344
420266 792505
443164 895351
463342 584834
543295 979915
558516 279249
558518 279248
558520 279247
558522 279246
558524 279245
558526 279244
558528 279243
837765 279249
1117014 279249
1127494 904692
1128881 732705
1129237 630811
1213034 761925
1314852 618826
1344907 960081
1349456 875687
1581886 232427
1581888 232426
1581890 232425
1581892 232424
1581894 232423
1581896 232422
1581898 232421
1814317 232423
2046740 232423
2060726 853629
2166394 658503
2176941 921683
2200097 956962
2238687 918963
2252922 724564
2257805 807940
2279151 232408
2279153 232407
2279155 232406
2279157 232405
2279159 232404
2279161 232403
2279163 232402
2511562 232405
2743967 232405
2773662 976591
2786048 818392
2850973 935901
2854002 530300
2860710 565808
2907693 814383
2971879 961789
2976360 232390
2976362 232389
2976364 232388
2976366 232387
2976368 232386
2976370 232385
2976372 232384
3208751 232389
3441140 232389
3501313 792590
3507448 565002
3522432 828244
3527150 886998
3543000 700603
3574416 791561
3585924 759956
3673517 232374
3673519 232373
3673521 232372
3673523 232371
3673525 232370
3673527 232369
3673529 232368
3905897 232368
4138265 232368
4160565 944198
4204861 618007
4268459 568959
4311131 818483
4318619 701317
4325690 789349
4329253 576597
4520229 190973
4520231 190972
4520233 190971
4520235 190970
4520237 190969
4520239 190968
4520241 190967
4711208
1
200000000 300000000
400000000
99
524267 1000000
1048530 524260
1048532 524259
1048534 524258
1572790 524260
2097050 524260
2621306 524253
2621308 524252
2621310 524251
3145561 524251
3669812 524251
4194059 524244
4194061 524243
4194063 524242
4718305 524242
5242547 524242
5766785 524235
5766787 524234
5766789 524233
6291020 524235
6815255 524235
7339486 524228
7339488 524227
7339490 524226
7863716 524226
8387942 524226
8912164 524219
8912166 524218
8912168 524217
9436384 524218
9960602 524218
10484816 524211
10484818 524210
10484820 524209
11009028 524210
11533238 524210
12057444 524203
12057446 524202
12057448 524201
12581647 524202
13105850 524203
13630049 524196
13630051 524195
13630053 524194
14154246 524195
14678441 524195
15202632 524188
15202634 524187
15202636 524186
15726820 524188
16251008 524188
16775192 524181
16775194 524180
16775196 524179
17299375 524179
17823554 524179
18347729 524172
18347731 524171
18347733 524170
18871901 524172
19396073 524172
19920241 524165
19920243 524164
19920245 524163
20444407 524164
20968571 524164
21492731 524157
21492733 524156
21492735 524155
22016888 524157
22541045 524157
23065198 524150
23065200 524149
23065202 524148
23589348 524150
24113498 524150
24637644 524143
24637646 524142
24637648 524141
25161787 524143
25685930 524143
26210069 524136
26210071 524135
26210073 524134
26734207 524134
27258341 524134
27782471 524127
27782473 524126
27782475 524125
28306598 524127
28830725 524127
29354848 524120
29354850 524119
29354852 524118
29878968 524120
30403088 524120
30927204 524113
30927206 524112
30927208 524111
31451319
2
10 10
11 10
21
7
10 10
15 5
20 9
25 5
30 10
35 5
40 10
49
1
10 25
25
4
5 5
8 3
9 4
11 3
14
99
641275 1000000
1282456 641178
1282458 641177
1282460 641176
1282462 641175
1282464 641174
1282466 641173
1282468 641172
1282470 641171
1282472 641170
1282474 641169
1282476 641168
1282478 641167
1282480 641166
1282482 641165
1282484 641164
1282486 641163
1282488 641162
1282490 641161
1282492 641160
1282494 641159
1282496 641158
1282498 641157
1282500 641156
1282502 641155
1282504 641154
1282506 641153
1282508 641152
1282510 641151
1282512 641150
1282514 641149
1282516 641148
1282518 641147
1282520 641146
1282522 641145
1282524 641144
1282526 641143
1282528 641142
1282530 641141
1282532 641140
1282534 641139
1282536 641138
1282538 641137
1282540 641136
1282542 641135
1282544 641134
1282546 641133
1282548 641132
1282550 641131
1923669 641143
2564812 641143
3205861 641046
3205863 641045
3205865 641044
3205867 641043
3205869 641042
3205871 641041
3205873 641040
3205875 641039
3205877 641038
3205879 641037
3205881 641036
3205883 641035
3205885 641034
3205887 641033
3205889 641032
3205891 641031
3205893 641030
3205895 641029
3205897 641028
3205899 641027
3205901 641026
3205903 641025
3205905 641024
3205907 641023
3205909 641022
3205911 641021
3205913 641020
3205915 641019
3205917 641018
3205919 641017
3205921 641016
3205923 641015
3205925 641014
3205927 641013
3205929 641012
3205931 641011
3205933 641010
3205935 641009
3205937 641008
3205939 641007
3205941 641006
3205943 641005
3205945 641004
3205947 641003
3205949 641002
3205951 641001
3205953 641000
3205955 640999
3846954
95
131148 1000000
156575 735351
178304 739717
190415 694987
201097 629013
212692 996752
219303 719617
221825 877274
222844 850278
226849 526303
227851 639333
237263 534121
246497 544148
251318 742271
257472 719756
259366 793890
262268 131117
262270 131116
262272 131115
262274 131114
262276 131113
262278 131112
262280 131111
262282 131110
262284 131109
262286 131108
262288 131107
262290 131106
262292 131105
262294 131104
262296 131103
393388 131113
524502 131114
525514 763215
543522 710500
549841 952343
569885 559213
578117 855302
585503 511905
587592 504726
589707 664489
598701 959888
621576 742826
624516 700153
628711 566458
640121 582307
645255 614313
654294 712408
784058 129761
784060 129760
784062 129759
784064 129758
784066 129757
784068 129756
784070 129755
784072 129754
784074 129753
784076 129752
784078 129751
784080 129750
784082 129749
784084 129748
784086 129747
913830 129750
1043580 129750
1054716 965052
1067527 812032
1068501 771302
1081993 647134
1093141 736330
1096057 744029
1102082 965601
1102203 925937
1109543 651713
1112943 660118
1113348 774517
1126062 563317
1142809 626881
1145892 988003
1171243 957623
1298878 127632
1298880 127631
1298882 127630
1298884 127629
1298886 127628
1298888 127627
1298890 127626
1298892 127625
1298894 127624
1298896 127623
1298898 127622
1298900 127621
1298902 127620
1298904 127619
1298906 127618
1426524
7
10 10
15 5
20 9
25 5
30 10
35 5
40 10
45
99
477868 1000000
955732 477861
955734 477860
955736 477859
1433593 477861
1911454 477861
2389311 477854
2389313 477853
2389315 477852
2867166 477853
3345019 477853
3822868 477846
3822870 477845
3822872 477844
4300716 477844
4778560 477844
5256400 477837
5256402 477836
5256404 477835
5734238 477836
6212074 477836
6689906 477829
6689908 477828
6689910 477827
7167737 477827
7645564 477827
8123387 477820
8123389 477819
8123391 477818
8601209 477818
9079027 477818
9556841 477811
9556843 477810
9556845 477809
10034653 477810
10512463 477810
10990269 477803
10990271 477802
10990273 477801
11468073 477802
11945875 477802
12423673 477795
12423675 477794
12423677 477793
12901470 477793
13379263 477793
13857052 477786
13857054 477785
13857056 477784
14334839 477785
14812624 477785
15290405 477778
15290407 477777
15290409 477776
15768184 477777
16245961 477777
16723734 477770
16723736 477769
16723738 477768
17201505 477769
17679274 477769
18157039 477762
18157041 477761
18157043 477760
18634803 477760
19112563 477760
19590319 477753
19590321 477752
19590323 477751
20068072 477753
20545825 477753
21023574 477746
21023576 477745
21023578 477744
21501322 477744
21979066 477744
22456806 477737
22456808 477736
22456810 477735
22934545 477735
23412280 477735
23890011 477728
23890013 477727
23890015 477726
24367741 477726
24845467 477726
25323189 477719
25323191 477718
25323193 477717
25800909 477718
26278627 477718
26756341 477711
26756343 477710
26756345 477709
27234054 477709
27711763 477709
28189468 477702
28189470 477701
28189472 477700
28667172
2
10 1000
100 10
110
99
10 11
11 80
12 16
13 58
14 78
15 70
18 17
19 95
20 32
30 10
40 10
42 78
43 11
45 62
46 51
47 98
48 77
49 98
50 38
60 10
70 10
71 72
73 57
74 25
75 90
76 13
77 33
79 61
80 12
90 10
100 10
102 93
103 20
104 63
105 37
106 47
108 85
109 38
110 78
120 10
130 10
132 63
133 68
134 43
135 14
136 71
137 97
138 96
139 13
140 10
150 10
151 98
152 23
153 45
154 100
155 39
157 97
158 20
159 87
168 9
177 9
178 23
180 56
181 49
182 82
183 19
184 99
185 44
186 17
195 9
204 9
206 49
207 30
208 95
209 47
210 88
211 99
212 58
213 96
222 9
231 9
232 65
233 41
234 32
235 40
236 56
237 53
239 72
240 30
249 9
258 9
259 100
260 89
261 57
263 95
264 48
265 72
266 99
267 80
276
99
103908 1000000
115530 904847
126774 614863
136289 733574
142642 567536
159379 566286
163864 713351
180205 983955
190477 526490
206196 548582
308468 102269
308470 102268
308472 102267
308474 102266
308476 102265
308478 102264
308480 102263
308482 102262
308484 102261
410741 102265
513006 102265
515502 670203
528269 656492
534770 643852
541267 736124
547295 670221
552119 677643
580219 530930
582291 845095
613723 762455
714424 100698
714426 100697
714428 100696
714430 100695
714432 100694
714434 100693
714436 100692
714438 100691
714440 100690
815123 100697
915820 100697
924844 565644
934326 731591
952151 500380
962049 974450
965100 573107
999608 952099
1004151 840288
1007838 581302
1010291 537232
1016501 100678
1016503 100677
1016505 100676
1016507 100675
1016509 100674
1016511 100673
1016513 100672
1016515 100671
1016517 100670
1117187 100670
1217857 100670
1236177 787894
1251917 980842
1254569 782157
1256818 841759
1282962 662610
1288653 781845
1296456 996329
1305487 819730
1310510 606393
1318511 100651
1318513 100650
1318515 100649
1318517 100648
1318519 100647
1318521 100646
1318523 100645
1318525 100644
1318527 100643
1419162 100651
1519813 100651
1523378 962975
1527252 577139
1536145 637147
1538931 618673
1572687 579515
1580455 823925
1597892 798812
1599495 900484
1600151 718202
1680473 80319
1680475 80318
1680477 80317
1680479 80316
1680481 80315
1680483 80314
1680485 80313
1680487 80312
1680489 80311
1760800
99
196195 1000000
278681 942704
307073 865807
358640 536678
364943 697727
392384 196186
392386 196185
392388 196184
392390 196183
588571 196185
784756 196185
817467 726349
837756 523252
920029 874619
946641 965830
1108520 161876
1108522 161875
1108524 161874
1108526 161873
1270397 161875
1432272 161875
1440216 514968
1440495 539511
1449242 644794
1493001 587316
1594141 161866
1594143 161865
1594145 161864
1594147 161863
1756010 161863
1917873 161863
1931036 856710
1999755 809761
2001637 618414
2038099 772657
2158319 120217
2158321 120216
2158323 120215
2158325 120214
2278539 120214
2398753 120214
2415030 520776
2423827 972649
2436466 658971
2445323 875997
2518961 120205
2518963 120204
2518965 120203
2518967 120202
2639166 120205
2759371 120205
2772137 864918
2804003 790589
2821517 586002
2867358 681299
2975339 107978
2975341 107977
2975343 107976
2975345 107975
3083319 107976
3191295 107976
3196268 984777
3226389 562189
3264989 972895
3273702 501894
3299265 107967
3299267 107966
3299269 107965
3299271 107964
3407234 107965
3515199 107965
3520344 760354
3547479 582187
3583446 718355
3604547 669146
3693889 89339
3693891 89338
3693893 89337
3693895 89336
3783230 89337
3872567 89337
3875653 532845
3911634 931812
3916395 539390
3928424 506039
3961898 89328
3961900 89327
3961902 89326
3961904 89325
4051226 89328
4140554 89328
4178604 521209
4193333 568682
4219510 983952
4227126 926354
4313692 86563
4313694 86562
4313696 86561
4313698 86560
4400258
99
18643 1000000
37272 18626
37274 18625
37276 18624
37278 18623
37280 18622
37282 18621
37284 18620
37286 18619
55904 18620
74524 18620
93130 18603
93132 18602
93134 18601
93136 18600
93138 18599
93140 18598
93142 18597
93144 18596
111738 18598
130336 18598
148920 18581
148922 18580
148924 18579
148926 18578
148928 18577
148930 18576
148932 18575
148934 18574
167507 18575
186082 18575
204643 18558
204645 18557
204647 18556
204649 18555
204651 18554
204653 18553
204655 18552
204657 18551
223204 18555
241759 18555
260300 18538
260302 18537
260304 18536
260306 18535
260308 18534
260310 18533
260312 18532
260314 18531
278844 18532
297376 18532
315894 18515
315896 18514
315898 18513
315900 18512
315902 18511
315904 18510
315906 18509
315908 18508
334409 18515
352924 18515
371425 18498
371427 18497
371429 18496
371431 18495
371433 18494
371435 18493
371437 18492
371439 18491
389926 18495
408421 18495
426902 18478
426904 18477
426906 18476
426908 18475
426910 18474
426912 18473
426914 18472
426916 18471
445387 18470
463858 18471
482315 18454
482317 18453
482319 18452
482321 18451
482323 18450
482325 18449
482327 18448
482329 18447
500773 18450
519223 18450
537659 18433
537661 18432
537663 18431
537665 18430
537667 18429
537669 18428
537671 18427
537673 18426
556099
99
191391 1000000
382748 191354
382750 191353
382752 191352
382754 191351
382756 191350
382758 191349
382760 191348
382762 191347
382764 191346
382766 191345
382768 191344
382770 191343
382772 191342
382774 191341
382776 191340
382778 191339
382780 191338
382782 191337
574115 191341
765456 191341
956763 191304
956765 191303
956767 191302
956769 191301
956771 191300
956773 191299
956775 191298
956777 191297
956779 191296
956781 191295
956783 191294
956785 191293
956787 191292
956789 191291
956791 191290
956793 191289
956795 191288
956797 191287
1148075 191296
1339371 191296
1530633 191259
1530635 191258
1530637 191257
1530639 191256
1530641 191255
1530643 191254
1530645 191253
1530647 191252
1530649 191251
1530651 191250
1530653 191249
1530655 191248
1530657 191247
1530659 191246
1530661 191245
1530663 191244
1530665 191243
1530667 191242
1721906 191244
1913151 191245
2104362 191208
2104364 191207
2104366 191206
2104368 191205
2104370 191204
2104372 191203
2104374 191202
2104376 191201
2104378 191200
2104380 191199
2104382 191198
2104384 191197
2104386 191196
2104388 191195
2104390 191194
2104392 191193
2104394 191192
2104396 191191
2295574 191204
2486778 191204
2677948 191167
2677950 191166
2677952 191165
2677954 191164
2677956 191163
2677958 191162
2677960 191161
2677962 191160
2677964 191159
2677966 191158
2677968 191157
2677970 191156
2677972 191155
2677974 191154
2677976 191153
2677978 191152
2677980 191151
2677982 191150
2869132
99
992123 1000000
1001745 606539
1020490 808167
1085340 676079
1085528 610268
1086614 863035
1149887 897169
1156005 562239
1176021 683912
1214928 645232
1252532 603484
1325301 913702
1326920 976087
1333628 710333
1340671 972764
1438217 755823
1447445 867915
1459199 701216
1461284 558882
1525379 854724
1550535 650112
1578743 675359
1596709 556803
1598919 577815
1601869 797984
1625019 916144
1634993 905198
1651589 905262
1680327 772137
1684496 724516
1687506 777459
1720440 695599
1729869 889976
1736388 630422
1739033 950892
1744781 734962
1749154 921342
1752797 658038
1754838 850909
1772407 569660
1782781 749047
1795215 997519
1799503 997420
1802205 541502
1830020 698365
1856432 952460
1864586 679992
1923860 687428
1929364 866878
1966177 675422
1984150 992024
1984152 992023
1984154 992022
1984156 992021
1984158 992020
1984160 992019
1984162 992018
1984164 992017
1984166 992016
1984168 992015
1984170 992014
1984172 992013
1984174 992012
1984176 992011
1984178 992010
1984180 992009
1984182 992008
1984184 992007
1984186 992006
1984188 992005
1984190 992004
1984192 992003
1984194 992002
1984196 992001
1984198 992000
1984200 991999
1984202 991998
1984204 991997
1984206 991996
1984208 991995
1984210 991994
1984212 991993
1984214 991992
1984216 991991
1984218 991990
1984220 991989
1984222 991988
1984224 991987
1984226 991986
1984228 991985
1984230 991984
1984232 991983
1984234 991982
1984236 991981
1984238 991980
1984240 991979
1984242 991978
1984244 991977
1984246 991976
2976222
5
100 100
105 5
110 5
112 2
114 2
120
3
5 5
7 5
9 5
21
2
10 10
11 10
20
99
64614 1000000
129214 64597
129216 64596
129218 64595
129220 64594
129222 64593
129224 64592
129226 64591
129228 64590
193815 64593
258408 64593
322987 64576
322989 64575
322991 64574
322993 64573
322995 64572
322997 64571
322999 64570
323001 64569
387565 64574
452139 64574
516699 64557
516701 64556
516703 64555
516705 64554
516707 64553
516709 64552
516711 64551
516713 64550
581262 64551
645813 64551
710350 64534
710352 64533
710354 64532
710356 64531
710358 64530
710360 64529
710362 64528
710364 64527
774888 64530
839418 64530
903934 64513
903936 64512
903938 64511
903940 64510
903942 64509
903944 64508
903946 64507
903948 64506
968449 64511
1032960 64511
1097457 64494
1097459 64493
1097461 64492
1097463 64491
1097465 64490
1097467 64489
1097469 64488
1097471 64487
1161956 64489
1226445 64489
1290920 64472
1290922 64471
1290924 64470
1290926 64469
1290928 64468
1290930 64467
1290932 64466
1290934 64465
1355397 64467
1419864 64467
1484317 64450
1484319 64449
1484321 64448
1484323 64447
1484325 64446
1484327 64445
1484329 64444
1484331 64443
1548774 64443
1613217 64443
1677646 64426
1677648 64425
1677650 64424
1677652 64423
1677654 64422
1677656 64421
1677658 64420
1677660 64419
1742072 64426
1806498 64426
1870910 64409
1870912 64408
1870914 64407
1870916 64406
1870918 64405
1870920 64404
1870922 64403
1870924 64402
1935326
99
370680 1000000
741266 370583
741268 370582
741270 370581
741272 370580
741274 370579
741276 370578
741278 370577
741280 370576
741282 370575
741284 370574
741286 370573
741288 370572
741290 370571
741292 370570
741294 370569
741296 370568
741298 370567
741300 370566
741302 370565
741304 370564
741306 370563
741308 370562
741310 370561
741312 370560
741314 370559
741316 370558
741318 370557
741320 370556
741322 370555
741324 370554
741326 370553
741328 370552
741330 370551
741332 370550
741334 370549
741336 370548
741338 370547
741340 370546
741342 370545
741344 370544
741346 370543
741348 370542
741350 370541
741352 370540
741354 370539
741356 370538
741358 370537
741360 370536
1111892 370539
1482432 370540
1852878 370443
1852880 370442
1852882 370441
1852884 370440
1852886 370439
1852888 370438
1852890 370437
1852892 370436
1852894 370435
1852896 370434
1852898 370433
1852900 370432
1852902 370431
1852904 370430
1852906 370429
1852908 370428
1852910 370427
1852912 370426
1852914 370425
1852916 370424
1852918 370423
1852920 370422
1852922 370421
1852924 370420
1852926 370419
1852928 370418
1852930 370417
1852932 370416
1852934 370415
1852936 370414
1852938 370413
1852940 370412
1852942 370411
1852944 370410
1852946 370409
1852948 370408
1852950 370407
1852952 370406
1852954 370405
1852956 370404
1852958 370403
1852960 370402
1852962 370401
1852964 370400
1852966 370399
1852968 370398
1852970 370397
1852972 370396
2223368
