50
2 6 6
1 1
3 320 2
4 2 3
10 1252757 1252757
99910 99969 99980 99922 99912 99958 99973 99992 99965 99974
10 100000 1570811
97 103 97 99 98 100000 105 105 99 104
1 383760 383760
95940
10 1000000000 1000000000
99991 99978 99928 99939 99975 99960 99927 99966 99986 99919
10 113660 5343016
66172 57332 54617 32425 47401 76645 92838 88484 19917 44659
10 2784776 128475
80331 32694 40068 12304 85411 59429 9668 5608 19421 46571
10 122991 5415656
81111 71035 23030 32402 98955 74107 45676 35203 74708 70764
10 1876751 279276
42800 5893 13274 87438 25563 17803 50497 69961 99523 73207
10 88214 8296473
91192 88031 23593 64280 53871 64377 88499 93343 31912 35043
10 2626736 44711
1111 28721 21056 24932 7319 21889 7796 25978 11514 64689
10 1686944 159036
82491 2698 5979 10150 49339 56948 7548 11103 17949 62840
10 607037 1044006
97645 96109 69298 17164 23622 15673 51836 23221 56165 96401
10 1818511 333187
93626 31606 97640 24141 764 81958 77094 25011 30449 66918
10 1078791 350533
45785 72252 93389 22564 36418 52091 14088 37225 26838 34386
10 3533671 166086
16679 43429 68042 51311 39365 79421 83402 85976 58285 48307
10 93263 7004887
18316 61505 94175 95890 65253 29717 26401 25855 98652 56294
10 290184 1462375
90829 26322 45616 40370 28650 61154 23771 9644 80590 51465
10 76120 6059735
4606 55516 11612 46714 26532 46360 97723 98780 33447 25800
10 4658742 77222
24232 22587 83563 50228 69368 63079 21596 41998 7193 35027
10 80560 7182966
33780 2463 76664 45972 86727 38221 66929 84580 37902 75156
10 5037846 90878
90574 83260 72053 42420 17650 59648 10458 15507 52627 5499
10 4392416 83695
56127 64620 5786 84074 59815 25515 61542 12661 17853 21914
10 175830 3622559
7432 76065 95278 97089 70280 7821 18484 87661 54774 13331
10 121375 5737580
31780 90737 89323 53693 83412 2768 50864 82987 57472 66984
10 144546 3556660
87961 41814 79484 1757 82307 12132 24711 35645 45826 77584
10 982091 379482
10644 79555 13411 32530 26405 68934 85598 1381 7055 56725
10 3766648 113557
26770 94064 8215 55253 31509 9154 67153 92722 6104 18002
10 314143 2424139
83970 88413 76714 70164 13953 97484 66070 59243 15902 70560
10 145532 4770067
75769 63021 1500 21961 97160 98224 15161 95192 69686 27592
10 163931 4085988
6982 6733 76429 80059 85008 82576 58789 45305 88016 54740
10 220900 3566921
84031 80949 23821 83790 37449 67764 88087 76151 50940 82532
10 8742222 100767
84371 93097 70952 51885 75481 83012 22006 80868 72387 87849
10 4870581 127919
8563 34704 66834 10884 79181 71899 84743 33804 96649 68532
10 3604250 162926
76211 57078 8483 55714 88907 70126 29451 46439 56268 78293
10 6311492 93453
31702 91918 86207 50507 14888 69815 48691 39623 67004 67725
10 194300 2923101
65554 95145 60296 80013 18316 4029 500 52078 98516 450
10 341925 1882304
15194 61203 44774 74491 77049 90104 24525 76472 94200 8034
10 103263 6882649
74390 72554 51254 52816 54851 89405 37886 56844 88102 74839
10 218011 3654445
15396 56955 72625 88705 81528 82465 66170 73512 97010 38148
10 443679 1365489
66269 79524 61816 38236 28977 95129 30778 68764 4155 83593
10 748028 651871
14649 11888 6630 83365 65886 82464 52796 51613 75018 38377
10 4919063 119970
70402 82690 59433 51872 66278 20875 75274 44549 14823 82784
10 2776315 251988
31926 37944 23295 78875 70138 61055 69464 96999 93119 61339
10 117118 5685309
66378 7853 42351 83622 59735 98154 42162 58895 45079 93030
10 460617 1031646
25332 13956 8819 57767 11926 93077 38682 85845 78893 45882
10 5126595 92998
72912 96511 49783 25869 35251 54308 72885 39803 30562 23471
10 2127158 255592
79199 14684 89353 32300 65908 65708 4533 51753 77428 41728
10 217588 2676924
26706 66508 96823 78535 13843 78387 67500 62957 13469 36939
