30
1 0 0 4 3
3 1 1 4 4 1 4
2 0 0 5 5
4 1 0 4 0 4 1 1 2
3 3 3 4 4 5 2
2 1 3 5 3
3 0 0 3 0 3 3
3 3 3 3 6 0 6
3 1 3 5 3
3 0 0 3 0 3 3
3 3 3 3 6 0 6
3 1 1 3 3 1 5
3 1 3 5 3
3 0 0 3 0 3 3
3 3 3 3 6 0 6
4 1 1 3 1 3 5 1 5
3 1 3 5 3
3 0 0 3 0 3 3
3 3 3 3 6 0 6
3 1 1 3 3 1 5
1 1 3 5 3
3 1 1 3 3 1 5
1 1 3 3 3
3 1 1 3 3 1 5
1 1 3 3 3
4 1 1 3 1 3 5 1 5
3 0 0 5 5
4 1 0 4 0 4 1 1 2
3 3 3 4 4 5 2
3 3 3 4 4 2 5
2 1 3 5 3
3 0 0 3 0 3 3
3 3 3 3 6 0 6
3 1 3 5 3
3 0 0 3 0 3 3
3 3 3 3 6 0 6
3 1 1 3 3 1 5
1 1 3 5 3
3 1 1 3 3 1 5
3 1 3 5 3
3 0 0 3 0 3 3
3 3 3 3 6 0 6
4 1 1 3 1 3 5 1 5
1 -67 -109 174 -48
3 63 -209 -82 -75 172 -39
2 -67 -109 174 -48
3 63 -209 -82 -75 172 -39
4 -6 -115 -68 0 112 26 137 -68
2 -53 -52 174 -48
3 63 -209 -82 -75 172 -39
4 -6 -115 -68 0 112 26 137 -68
7 16 -245 132 -117
6 -202 -259 -266 -119 -122 -29 6 -34 25 -149 -104 -222
5 74 -117 -57 -90 -40 92 278 119 207 -31
4 183 -158 117 -2 321 35 320 -114
4 139 -182 235 -84 332 -170 268 -292
5 107 -295 224 -220 333 -261 256 -344 169 -364
4 177 -301 53 -283 5 -364 131 -368
3 42 -340 -152 -192 -61 -149
7 16 -245 319 -132
6 -202 -259 -266 -119 -122 -29 6 -34 25 -149 -104 -222
5 74 -117 -57 -90 -40 92 278 119 207 -31
4 183 -158 117 -2 321 35 320 -114
4 139 -182 235 -84 332 -170 268 -292
5 107 -295 224 -220 333 -261 256 -344 169 -364
4 177 -301 53 -283 5 -364 131 -368
3 42 -340 -152 -192 -61 -149
8 16 -245 136 -155
6 -202 -259 -266 -119 -122 -29 6 -34 25 -149 -104 -222
5 74 -117 -57 -90 -40 92 278 119 207 -31
4 183 -158 117 -2 321 35 320 -114
4 139 -182 235 -84 332 -170 268 -292
5 107 -295 224 -220 333 -261 256 -344 169 -364
4 177 -301 53 -283 5 -364 131 -368
3 42 -340 -152 -192 -61 -149
4 135 -313 -39 -136 55 -80 168 -291
35 -202 -274 130 98
3 -170 -284 -215 -195 -124 -199
3 -56 -243 -175 -153 -53 -108
3 4 -218 -12 -171 64 -164
3 13 -211 81 -196 113 -261
3 66 -343 86 -315 171 -323
3 169 -294 149 -244 217 -237
3 132 -207 96 -154 175 -119
3 271 -205 244 -129 307 -118
3 278 -319 297 -277 347 -321
3 -10 -350 14 -314 -83 -318
3 9 -53 117 -35 46 31
3 176 -67 276 -64 281 -3
3 -120 -64 -106 -17 -36 -32
3 -299 -116 -307 -14 -217 -48
3 46 -138 58 -89 129 -72
3 -8 -127 -29 -84 32 -76
3 125 -168 57 -80 153 -49
3 176 -140 211 -96 258 -190
3 249 -371 223 -292 370 -369
3 -44 0 -6 41 56 59
3 -101 -289 0 -300 -11 -371
3 -239 -298 -273 -215 -177 -173
3 10 -286 50 -252 117 -287
4 -105 -178 -194 -67 -85 -61 -89 -156
3 304 -237 352 -174 361 -119
3 215 80 68 135 161 168
4 218 -50 144 -3 195 27 242 -25
3 -138 41 -56 103 18 85
3 -213 -38 -160 -2 -140 -34
3 16 -132 -127 96 -48 109
3 -248 107 -102 171 45 132
3 106 57 -28 170 127 181
3 64 -22 134 40 180 5
3 -44 -258 -186 -307 -163 -377
3 -167 -322 -317 -250 -301 -337
36 -202 -274 130 98
3 -170 -284 -215 -195 -124 -199
3 -56 -243 -175 -153 -53 -108
3 4 -218 -12 -171 64 -164
3 13 -211 81 -196 113 -261
3 66 -343 86 -315 171 -323
3 169 -294 149 -244 217 -237
3 132 -207 96 -154 175 -119
3 271 -205 244 -129 307 -118
3 278 -319 297 -277 347 -321
3 -10 -350 14 -314 -83 -318
3 9 -53 117 -35 46 31
3 176 -67 276 -64 281 -3
3 -120 -64 -106 -17 -36 -32
3 -299 -116 -307 -14 -217 -48
3 46 -138 58 -89 129 -72
3 -8 -127 -29 -84 32 -76
3 125 -168 57 -80 153 -49
3 176 -140 211 -96 258 -190
3 249 -371 223 -292 370 -369
3 -44 0 -6 41 56 59
3 -101 -289 0 -300 -11 -371
3 -239 -298 -273 -215 -177 -173
3 10 -286 50 -252 117 -287
4 -105 -178 -194 -67 -85 -61 -89 -156
3 304 -237 352 -174 361 -119
3 215 80 68 135 161 168
4 218 -50 144 -3 195 27 242 -25
3 -138 41 -56 103 18 85
3 -213 -38 -160 -2 -140 -34
3 16 -132 -127 96 -48 109
3 -248 107 -102 171 45 132
3 106 57 -28 170 127 181
3 64 -22 134 40 180 5
3 -44 -258 -186 -307 -163 -377
3 -167 -322 -317 -250 -301 -337
3 55 -25 71 106 113 7
19 3075 -5150 -8225 -3100
4 -5225 -9725 -6725 -8725 -8500 -8950 -8200 -9625
4 -4000 -9425 -5325 -7300 -3700 -6375 -300 -7400
5 975 -9700 825 -8100 1650 -6825 4025 -7125 4400 -9350
5 6950 -9275 5600 -8050 5825 -6925 7775 -5775 9200 -6625
5 3475 -6475 3350 -5425 4350 -4400 6225 -3925 6425 -5275
4 6950 -7650 4800 -5800 5575 -4850 8225 -4875
5 1475 -8550 -2350 -7925 -1600 -5450 150 -4450 1775 -7200
3 350 -2900 3825 -1275 4875 -675
3 4225 -5000 2875 -3025 6150 -2400
4 7000 -1175 6050 1200 7450 2050 8625 800
4 8250 -3875 8950 -2250 8275 -1350 7375 -2325
5 -6300 -3975 -5000 -725 -2300 1225 -175 -200 -3950 -3550
4 -900 -6000 -2975 -2300 2100 1950 3275 -3275
4 -8000 -250 -6675 2225 -3650 3375 -2100 2475
3 -3925 -700 -4925 1525 -1125 3500
3 2650 1675 -1300 3075 4300 3850
3 -8075 -5425 -9450 1150 -8625 -2850
3 -5775 -2575 -7700 -1450 -7775 -3650
3 -9200 -2450 -7375 -2500 -8125 2050
19 -6350 -900 -200 1700
4 -5225 -9725 -6725 -8725 -8500 -8950 -8200 -9625
4 -4000 -9425 -5325 -7300 -3700 -6375 -300 -7400
5 975 -9700 825 -8100 1650 -6825 4025 -7125 4400 -9350
5 6950 -9275 5600 -8050 5825 -6925 7775 -5775 9200 -6625
5 3475 -6475 3350 -5425 4350 -4400 6225 -3925 6425 -5275
4 6950 -7650 4800 -5800 5575 -4850 8225 -4875
5 1475 -8550 -2350 -7925 -1600 -5450 150 -4450 1775 -7200
3 350 -2900 3825 -1275 4875 -675
3 4225 -5000 2875 -3025 6150 -2400
4 7000 -1175 6050 1200 7450 2050 8625 800
4 8250 -3875 8950 -2250 8275 -1350 7375 -2325
5 -6300 -3975 -5000 -725 -2300 1225 -175 -200 -3950 -3550
4 -900 -6000 -2975 -2300 2100 1950 3275 -3275
4 -8000 -250 -6675 2225 -3650 3375 -2100 2475
3 -3925 -700 -4925 1525 -1125 3500
3 2650 1675 -1300 3075 4300 3850
3 -8075 -5425 -9450 1150 -8625 -2850
3 -5775 -2575 -7700 -1450 -7775 -3650
3 -9200 -2450 -7375 -2500 -8125 2050
20 -6350 -900 -200 1700
4 -5225 -9725 -6725 -8725 -8500 -8950 -8200 -9625
4 -4000 -9425 -5325 -7300 -3700 -6375 -300 -7400
5 975 -9700 825 -8100 1650 -6825 4025 -7125 4400 -9350
5 6950 -9275 5600 -8050 5825 -6925 7775 -5775 9200 -6625
5 3475 -6475 3350 -5425 4350 -4400 6225 -3925 6425 -5275
4 6950 -7650 4800 -5800 5575 -4850 8225 -4875
5 1475 -8550 -2350 -7925 -1600 -5450 150 -4450 1775 -7200
3 350 -2900 3825 -1275 4875 -675
3 4225 -5000 2875 -3025 6150 -2400
4 7000 -1175 6050 1200 7450 2050 8625 800
4 8250 -3875 8950 -2250 8275 -1350 7375 -2325
5 -6300 -3975 -5000 -725 -2300 1225 -175 -200 -3950 -3550
4 -900 -6000 -2975 -2300 2100 1950 3275 -3275
4 -8000 -250 -6675 2225 -3650 3375 -2100 2475
3 -3925 -700 -4925 1525 -1125 3500
3 2650 1675 -1300 3075 4300 3850
3 -8075 -5425 -9450 1150 -8625 -2850
3 -5775 -2575 -7700 -1450 -7775 -3650
3 -9200 -2450 -7375 -2500 -8125 2050
3 -2675 1575 1225 2825 -2250 3725
33 -6350 -900 -200 1700
4 -5225 -9725 -6725 -8725 -8500 -8950 -8200 -9625
4 -4000 -9425 -5325 -7300 -3700 -6375 -300 -7400
5 975 -9700 825 -8100 1650 -6825 4025 -7125 4400 -9350
5 6950 -9275 5600 -8050 5825 -6925 7775 -5775 9200 -6625
5 3475 -6475 3350 -5425 4350 -4400 6225 -3925 6425 -5275
4 6950 -7650 4800 -5800 5575 -4850 8225 -4875
5 1475 -8550 -2350 -7925 -1600 -5450 150 -4450 1775 -7200
3 350 -2900 3825 -1275 4875 -675
3 4225 -5000 2875 -3025 6150 -2400
4 7000 -1175 6050 1200 7450 2050 8625 800
4 8250 -3875 8950 -2250 8275 -1350 7375 -2325
5 -6300 -3975 -5000 -725 -2300 1225 -175 -200 -3950 -3550
4 -900 -6000 -2975 -2300 2100 1950 3275 -3275
4 -8000 -250 -6675 2225 -3650 3375 -2100 2475
3 -3925 -700 -4925 1525 -1125 3500
3 2650 1675 -1300 3075 4300 3850
3 -8075 -5425 -9450 1150 -8625 -2850
3 -5775 -2575 -7700 -1450 -7775 -3650
3 -9200 -2450 -7375 -2500 -8125 2050
3 -2675 1575 1225 2825 -2250 3725
3 4375 400 4650 1450 5550 225
3 5500 3425 7150 3825 7775 2875
3 7325 -4125 6975 -2775 8350 -2450
3 8175 -1625 7575 -300 9350 550
3 400 -9400 -50 -8000 2425 -8450
3 -7150 -7550 -6575 -6525 -4425 -7375
3 -6175 -5975 -5700 -7150 -3850 -7275
3 -4000 -8625 -3800 -7675 -2675 -8250
3 -3575 -8200 -3525 -7200 -2825 -7500
3 100 -6775 850 -6925 425 -7500
4 775 -3750 -925 -2200 550 -1025 1750 -2975
3 -675 -3575 -200 -2375 -150 -4025
3 1450 -100 -1750 -200 -1600 2325
47 2400 -5400 -5600 -100
4 -5225 -9725 -6725 -8725 -8500 -8950 -8200 -9625
4 -4000 -9425 -5325 -7300 -3700 -6375 -300 -7400
5 975 -9700 825 -8100 1650 -6825 4025 -7125 4400 -9350
5 6950 -9275 5600 -8050 5825 -6925 7775 -5775 9200 -6625
5 3475 -6475 3350 -5425 4350 -4400 6225 -3925 6425 -5275
4 6950 -7650 4800 -5800 5575 -4850 8225 -4875
5 1475 -8550 -2350 -7925 -1600 -5450 150 -4450 1775 -7200
3 350 -2900 3825 -1275 4875 -675
3 4225 -5000 2875 -3025 6150 -2400
4 7000 -1175 6050 1200 7450 2050 8625 800
4 8250 -3875 8950 -2250 8275 -1350 7375 -2325
5 -6300 -3975 -5000 -725 -2300 1225 -175 -200 -3950 -3550
4 -900 -6000 -2975 -2300 2100 1950 3275 -3275
4 -8000 -250 -6675 2225 -3650 3375 -2100 2475
3 -3925 -700 -4925 1525 -1125 3500
3 2650 1675 -1300 3075 4300 3850
3 -8075 -5425 -9450 1150 -8625 -2850
3 -5775 -2575 -7700 -1450 -7775 -3650
3 -9200 -2450 -7375 -2500 -8125 2050
3 -2675 1575 1225 2825 -2250 3725
3 4375 400 4650 1450 5550 225
3 5500 3425 7150 3825 7775 2875
3 7325 -4125 6975 -2775 8350 -2450
3 8175 -1625 7575 -300 9350 550
3 400 -9400 -50 -8000 2425 -8450
3 -7150 -7550 -6575 -6525 -4425 -7375
3 -6175 -5975 -5700 -7150 -3850 -7275
3 -4000 -8625 -3800 -7675 -2675 -8250
3 -3575 -8200 -3525 -7200 -2825 -7500
3 100 -6775 850 -6925 425 -7500
4 775 -3750 -925 -2200 550 -1025 1750 -2975
3 -675 -3575 -200 -2375 -150 -4025
3 1450 -100 -1750 -200 -1600 2325
3 -5450 -5525 -9575 -5925 -7775 -5125
3 -4150 -5500 -4325 -4750 -3075 -4650
3 -5950 -5725 -4900 -4275 -4950 -5150
3 -9350 -3250 -8200 -1525 -9300 -825
3 -8450 3250 -6825 4325 -5500 3400
4 4425 2225 2850 3475 1775 4375 5650 4850
3 7200 1125 4725 3825 6825 3425
4 6350 -5675 4825 -3025 5525 -1650 7425 -3100
3 8600 -9400 8300 -7750 9200 -7175
3 9300 -5675 8725 -4050 9575 -2600
3 9225 -4150 7275 -1500 8050 -875
3 8625 75 7750 625 8700 2125
3 6600 775 4925 725 4525 2725
3 4025 -3500 2075 -3375 4025 -5300
50 2400 -5400 -5600 -100
4 -5225 -9725 -6725 -8725 -8500 -8950 -8200 -9625
4 -4000 -9425 -5325 -7300 -3700 -6375 -300 -7400
5 975 -9700 825 -8100 1650 -6825 4025 -7125 4400 -9350
5 6950 -9275 5600 -8050 5825 -6925 7775 -5775 9200 -6625
5 3475 -6475 3350 -5425 4350 -4400 6225 -3925 6425 -5275
4 6950 -7650 4800 -5800 5575 -4850 8225 -4875
5 1475 -8550 -2350 -7925 -1600 -5450 150 -4450 1775 -7200
3 350 -2900 3825 -1275 4875 -675
3 4225 -5000 2875 -3025 6150 -2400
4 7000 -1175 6050 1200 7450 2050 8625 800
4 8250 -3875 8950 -2250 8275 -1350 7375 -2325
5 -6300 -3975 -5000 -725 -2300 1225 -175 -200 -3950 -3550
4 -900 -6000 -2975 -2300 2100 1950 3275 -3275
4 -8000 -250 -6675 2225 -3650 3375 -2100 2475
3 -3925 -700 -4925 1525 -1125 3500
3 2650 1675 -1300 3075 4300 3850
3 -8075 -5425 -9450 1150 -8625 -2850
3 -5775 -2575 -7700 -1450 -7775 -3650
3 -9200 -2450 -7375 -2500 -8125 2050
3 -2675 1575 1225 2825 -2250 3725
3 4375 400 4650 1450 5550 225
3 5500 3425 7150 3825 7775 2875
3 7325 -4125 6975 -2775 8350 -2450
3 8175 -1625 7575 -300 9350 550
3 400 -9400 -50 -8000 2425 -8450
3 -7150 -7550 -6575 -6525 -4425 -7375
3 -6175 -5975 -5700 -7150 -3850 -7275
3 -4000 -8625 -3800 -7675 -2675 -8250
3 -3575 -8200 -3525 -7200 -2825 -7500
3 100 -6775 850 -6925 425 -7500
4 775 -3750 -925 -2200 550 -1025 1750 -2975
3 -675 -3575 -200 -2375 -150 -4025
3 1450 -100 -1750 -200 -1600 2325
3 -5450 -5525 -9575 -5925 -7775 -5125
3 -4150 -5500 -4325 -4750 -3075 -4650
3 -5950 -5725 -4900 -4275 -4950 -5150
3 -9350 -3250 -8200 -1525 -9300 -825
3 -8450 3250 -6825 4325 -5500 3400
4 4425 2225 2850 3475 1775 4375 5650 4850
3 7200 1125 4725 3825 6825 3425
4 6350 -5675 4825 -3025 5525 -1650 7425 -3100
3 8600 -9400 8300 -7750 9200 -7175
3 9300 -5675 8725 -4050 9575 -2600
3 9225 -4150 7275 -1500 8050 -875
3 8625 75 7750 625 8700 2125
3 6600 775 4925 725 4525 2725
3 4025 -3500 2075 -3375 4025 -5300
3 -5100 -3450 -6325 -4925 -5725 -3450
3 8600 -8725 5500 -8700 6225 -8000
3 3600 -8875 6100 -9700 3925 -8375
1 -3700 -8375 -1175 -4825
34 -1225 -8650 -1900 -8600 -2475 -8575 -3050 -8450 -3475 -8200 -3750 -7825 -3900 -7400 -4025 -6900 -4025 -6400 -4025 -6025 -3950 -5650 -3850 -5275 -3625 -5050 -3400 -4900 -3050 -4775 -2675 -4750 -2400 -4750 -2175 -4800 -1875 -4925 -1600 -5075 -1375 -5200 -1150 -5375 -950 -5550 -825 -5800 -725 -6050 -725 -6275 -725 -6600 -725 -6850 -750 -7150 -775 -7400 -800 -7700 -850 -8025 -925 -8250 -1025 -8475
3 -26 -219 -87 -66
3 -36 -267 -300 -125 -157 1
5 85 -198 -116 -161 -57 -69 81 -3 179 -126
6 -57 -247 6 -260 84 -268 106 -226 184 -282 69 -353