20
1530944270 123456 557 9988776 1025 559372110 918968142 802729910 688062000
930033404565174954 102400 15000 9699690 9748872 620781129 950572528 311963986 692169969
6042199 9 123456 18 10000000 39655126 836306508 640000324 90000765
972766173386786486 123 1 10000000 10000000 590000001 680000000 610000001 970000002
47024811 9999991 1 9999991 9999989 729999344 309999719 789999132 309999659
960043019846431759 9999909 9999991 9999949 9999991 879995513 99999488 349999686 549999505
1603800783 9999991 1 9999991 9999989 69999938 529999520 339999627 679999254
299896237124947938 681206 164538 2280874 981991 416793690 904023823 813682336 774801135
8 1 3 3 3 1 0 1 2
1555193042 9999991 1 9999991 9999989 259999767 19999980 239999737 679999252
962024073147815594 9999991 1 9999991 9999989 129999884 899999187 979998923 129999859
523223149082128364 158568 991720 2994044 1181676 376610494 650869357 336623539 620070320
567365141997043401 3960606 1985068 4125828 5630794 76825921 901167353 889742167 772908548
907005781191085944 1 5 9999949 9999991 839995717 809995867 459999587 579999478
543891101326393011 2399842 2681913 3762239 7443017 520101360 433901517 275677792 766417656
1433256560 9999909 9999991 9999949 9999991 979995003 749996173 139999875 249999775
980046644627629799 9 123456 18 10000000 831918484 451864686 840000324 650000765
86974256 123456 557 9988776 1025 729181302 409540566 403985 491394225
1567487689 9 123456 18 10000000 865981936 625209438 350000324 390000765
33104500 9999909 9999991 9999949 10000000 329998318 499997447 650000001 490000002
